0,0
1,0
2,0
3,0
4,1
5,1
6,1
7,1
8,1
9,0
10,0
11,1
12,0
13,1
14,1
15,0
16,0
17,1
18,1
19,0
20,0
21,0
22,1
23,0
24,1
25,0
26,0
27,1
28,0
29,0
30,1
31,0
32,0
33,0
34,0
35,1
36,0
37,0
38,0
39,1
40,1
41,1
42,0
43,0
44,1
45,0
46,0
47,1
48,1
49,0
50,0
51,0
52,0
53,0
54,0
55,0
56,0
57,0
58,0
59,1
60,1
61,1
62,1
63,0
64,1
65,0
66,1
67,1
68,1
69,0
70,0
71,1
72,0
73,0
74,0
75,0
76,0
77,0
78,1
79,0
80,1
81,1
82,0
83,0
84,0
85,0
86,1
87,0
88,1
89,1
90,1
91,0
92,1
93,0
94,1
95,1
96,0
97,1
98,1
99,0
100,1
101,0
102,0
103,0
104,0
105,1
106,1
107,0
108,1
109,1
110,0
111,0
112,1
113,1
114,1
115,1
116,0
117,0
118,1
119,0
120,0
121,0
122,0
123,0
124,0
125,0
126,1
127,0
128,1
129,0
130,0
131,0
132,0
133,0
134,0
135,1
136,0
137,1
138,0
139,1
140,0
141,1
142,1
143,0
144,1
145,1
146,0
147,1
148,1
149,0
150,1
151,1
152,0
153,1
154,1
155,0
156,0
157,1
158,1
159,1
160,0
161,0
162,0
163,1
164,0
165,0
166,1
167,0
168,0
169,0
170,0
171,1
172,0
173,0
174,1
175,1
176,0
177,0
178,0
179,0
180,1
181,1
182,0
183,1
184,1
185,0
186,1
187,0
188,1
189,0
190,0
191,1
192,0
193,1
194,1
195,0
196,0
197,1
198,1
199,0
200,0
201,0
202,1
203,0
204,1
205,0
206,1
207,1
208,0
209,1
210,1
211,1
212,0
213,0
214,0
215,0
216,0
217,0
218,0
219,0
220,1
221,0
222,0
223,0
224,1
225,1
226,1
227,1
228,0
229,0
230,1
231,1
232,1
233,1
234,0
235,1
236,0
237,1
238,1
239,0
240,0
241,0
242,0
243,0
244,0
245,0
246,1
247,1
248,1
249,1
250,0
251,0
252,0
253,0
254,0
255,1
256,1
257,1
258,1
259,0
260,0
261,1
262,0
263,0
264,0
265,0
266,1
267,1
268,0
269,0
270,0
271,0
272,0
273,0
274,0
275,1
276,0
277,1
278,0
279,0
280,1
281,0
282,1
283,1
284,1
285,0
286,0
287,1
288,0
289,0
290,0
291,1
292,1
293,0
294,0
295,0
296,0
297,0
298,1
299,1
300,1
301,0
302,1
303,0
304,1
305,1
306,1
307,1
308,0
309,1
310,1
311,0
312,1
313,1
314,0
315,1
316,0
317,0
318,0
319,0
320,1
321,0
322,0
323,0
324,1
325,0
326,1
327,0
328,1
329,0
330,1
331,1
332,1
333,0
334,1
335,1
336,1
337,0
338,0
339,0
340,1
341,0
342,0
343,0
344,1
345,1
346,0
347,0
348,0
349,0
350,0
351,0
352,1
353,1
354,0
355,1
356,0
357,1
358,1
359,1
360,0
361,1
362,1
363,1
364,1
365,0
366,1
367,1
368,0
369,1
370,1
371,0
372,1
373,0
374,0
375,1
376,0
377,1
378,1
379,0
380,1
381,0
382,0
383,1
384,0
385,1
386,0
387,0
388,0
389,1
390,1
391,0
392,1
393,0
394,1
395,0
396,0
397,0
398,1
399,0
400,1
401,0
402,0
403,1
404,0
405,1
406,0
407,1
408,0
409,0
410,1
411,1
412,0
413,1
414,1
415,1
416,0
417,1
418,0
419,0
420,1
421,0
422,1
423,1
424,1
425,0
426,1
427,1
428,1
429,1
430,1
431,0
432,1
433,1
434,0
435,1
436,1
437,0
438,1
439,1
440,0
441,1
442,1
443,0
444,1
445,1
446,0
447,1
448,1
449,1
450,1
451,1
452,1
453,1
454,1
455,1
456,1
457,1
458,0
459,0
460,1
461,1
462,1
463,1
464,0
465,0
466,0
467,1
468,0
469,1
470,0
471,0
472,1
473,1
474,0
475,0
476,0
477,0
478,0
479,0
480,1
481,1
482,0
483,1
484,1
485,1
486,1
487,0
488,1
489,0
490,1
491,0
492,1
493,1
494,1
495,1
496,0
497,0
498,1
499,1
500,0
501,1
502,0
503,0
504,0
505,1
506,1
507,1
508,0
509,1
510,0
511,0
512,0
513,0
514,1
515,1
516,1
517,1
518,1
519,0
520,1
521,1
522,1
523,1
524,1
525,0
526,0
527,1
528,0
529,1
530,0
531,0
532,0
533,1
534,0
535,1
536,0
537,1
538,0
539,0
540,1
541,1
542,0
543,1
544,1
545,1
546,1
547,0
548,0
549,0
550,0
551,1
552,1
553,0
554,0
555,1
556,1
557,1
558,1
559,1
560,1
561,1
562,1
563,1
564,1
565,0
566,0
567,1
568,0
569,1
570,0
571,1
572,0
573,0
574,1
575,0
576,0
577,1
578,0
579,0
580,1
581,0
582,0
583,1
584,1
585,0
586,0
587,1
588,0
589,0
590,0
591,0
592,1
593,1
594,0
595,0
596,0
597,0
598,0
599,0
600,0
601,0
602,0
603,0
604,0
605,1
606,0
607,1
608,0
609,1
610,1
611,0
612,1
613,1
614,0
615,0
616,0
617,1
618,1
619,1
620,0
621,1
622,0
623,1
624,0
625,0
626,1
627,0
628,0
629,0
630,0
631,1
632,0
633,1
634,1
635,0
636,1
637,0
638,0
639,1
640,0
641,0
642,1
643,0
644,0
645,0
646,0
647,0
648,1
649,0
650,0
651,0
652,0
653,0
654,0
655,1
656,1
657,1
658,0
659,1
660,0
661,1
662,0
663,1
664,1
665,0
666,1
667,1
668,0
669,0
670,0
671,0
672,0
673,1
674,1
675,0
676,0
677,1
678,0
679,1
680,1
681,1
682,0
683,1
684,0
685,0
686,0
687,1
688,0
689,1
690,0
691,0
692,1
693,0
694,1
695,1
696,1
697,0
698,0
699,0
700,1
701,0
702,1
703,1
704,1
705,0
706,0
707,1
708,0
709,0
710,0
711,0
712,0
713,1
714,1
715,1
716,1
717,0
718,0
719,1
720,0
721,1
722,1
723,1
724,0
725,1
726,0
727,1
728,1
729,0
730,0
731,0
732,0
733,1
734,1
735,1
736,0
737,1
738,1
739,1
740,0
741,1
742,1
743,0
744,0
745,1
746,0
747,0
748,0
749,0
750,0
751,1
752,0
753,1
754,0
755,0
756,1
757,1
758,1
759,0
760,0
761,0
762,0
763,0
764,1
765,0
766,0
767,0
768,1
769,0
770,1
771,1
772,1
773,1
774,0
775,1
776,1
777,1
778,1
779,1
780,0
781,1
782,0
783,1
784,1
785,1
786,1
787,0
788,0
789,1
790,0
791,0
792,1
793,1
794,1
795,1
796,1
797,0
798,1
799,1
800,1
801,0
802,1
803,1
804,0
805,0
806,0
807,0
808,1
809,0
810,0
811,0
812,0
813,0
814,0
815,0
816,1
817,0
818,0
819,1
820,1
821,1
822,0
823,1
824,0
825,0
826,1
827,0
828,0
829,1
830,1
831,0
832,1
833,0
834,1
835,1
836,1
837,1
838,1
839,1
840,1
841,0
842,0
843,1
844,0
845,1
846,1
847,1
848,0
849,1
850,1
851,1
852,0
853,1
854,1
855,0
856,1
857,0
858,1
859,0
860,1
861,0
862,0
863,1
864,0
865,1
866,0
867,0
868,1
869,1
870,1
871,0
872,1
873,1
874,0
875,1
876,0
877,1
878,1
879,1
880,0
881,1
882,0
883,0
884,0
885,0
886,0
887,0
888,1
889,1
890,1
891,1
892,1
893,0
894,0
895,1
896,1
897,1
898,1
899,1
900,0
901,1
902,0
903,1
904,0
905,1
906,1
907,0
908,1
909,1
910,1
911,0
912,1
913,1
914,0
915,0
916,0
917,0
918,0
919,1
920,0
921,0
922,0
923,1
924,0
925,0
926,0
927,1
928,0
929,1
930,0
931,1
932,1
933,1
934,0
935,0
936,0
937,0
938,0
939,1
940,1
941,0
942,0
943,0
944,1
945,0
946,1
947,0
948,0
949,1
950,0
951,0
952,1
953,1
954,1
955,0
956,0
957,1
958,1
959,0
960,0
961,0
962,1
963,1
964,1
965,0
966,1
967,0
968,0
969,1
970,0
971,1
972,0
973,0
974,0
975,0
976,1
977,0
978,0
979,0
980,1
981,0
982,1
983,1
984,0
985,1
986,0
987,1
988,0
989,0
990,1
991,1
992,0
993,0
994,0
995,0
996,0
